iop=-22 jop=-2 igeom=1 ksym=0 kharge=0 imult=1 iscf=7 iplscf=7 nsav15=9

MNDO calculation for cuby
 6           2.33811   1        -1.38373   1        -6.34339   1       0 0 0
 6           1.50186   1        -0.70406   1        -5.44392   1       0 0 0
 6           1.50186   1         0.70406   1        -5.44392   1       0 0 0
 6           2.33811   1         1.38373   1        -6.34339   1       0 0 0
 6           3.15140   1         0.69715   1        -7.24032   1       0 0 0
 6           3.15140   1        -0.69715   1        -7.24032   1       0 0 0
 6           0.70687   1         1.51766   1        -4.48856   1       0 0 0
 6           1.37995   1         2.41713   1        -3.66283   1       0 0 0
 6           0.72521   1         3.34670   1        -2.84299   1       0 0 0
 6          -0.72521   1         3.34670   1        -2.84299   1       0 0 0
 6          -1.37995   1         2.41713   1        -3.66283   1       0 0 0
 6          -0.70687   1         1.51766   1        -4.48856   1       0 0 0
 6           1.47580   1         4.26184   1        -1.97436   1       0 0 0
 6           0.71491   1         5.24592   1        -1.37845   1       0 0 0
 6          -0.71491   1         5.24592   1        -1.37845   1       0 0 0
 6          -1.47580   1         4.26184   1        -1.97436   1       0 0 0
 6          -1.14861   1         5.96848   1        -0.24082   1       0 0 0
 6          -0.00000   1         6.41106   1         0.46340   1       0 0 0
 6           1.14861   1         5.96848   1        -0.24082   1       0 0 0
 6          -0.00000   1         6.65393   1         1.82831   1       0 0 0
 6          -1.31068   1         6.62570   1         2.43836   1       0 0 0
 6          -2.43758   1         6.19731   1         1.74831   1       0 0 0
 6          -2.37292   1         5.74855   1         0.37576   1       0 0 0
 6          -3.25258   1         4.87105   1        -0.35391   1       0 0 0
 6          -2.82228   1         4.15998   1        -1.47063   1       0 0 0
 6           1.31068   1         6.62570   1         2.43836   1       0 0 0
 6           2.43758   1         6.19731   1         1.74831   1       0 0 0
 6           2.37292   1         5.74855   1         0.37576   1       0 0 0
 6           3.25258   1         4.87105   1        -0.35391   1       0 0 0
 6           2.82228   1         4.15998   1        -1.47063   1       0 0 0
 6          -1.50186   1         0.70406   1        -5.44392   1       0 0 0
 6          -1.50186   1        -0.70406   1        -5.44392   1       0 0 0
 6          -2.33811   1        -1.38373   1        -6.34339   1       0 0 0
 6          -3.15140   1        -0.69715   1        -7.24032   1       0 0 0
 6          -3.15140   1         0.69715   1        -7.24032   1       0 0 0
 6          -2.33811   1         1.38373   1        -6.34339   1       0 0 0
 6           0.70687   1        -1.51766   1        -4.48856   1       0 0 0
 6           1.37995   1        -2.41713   1        -3.66283   1       0 0 0
 6           0.72521   1        -3.34670   1        -2.84299   1       0 0 0
 6          -0.72521   1        -3.34670   1        -2.84299   1       0 0 0
 6          -1.37995   1        -2.41713   1        -3.66283   1       0 0 0
 6          -0.70687   1        -1.51766   1        -4.48856   1       0 0 0
 6          -1.47580   1        -4.26184   1        -1.97436   1       0 0 0
 6          -0.71491   1        -5.24592   1        -1.37845   1       0 0 0
 6           0.71491   1        -5.24592   1        -1.37845   1       0 0 0
 6           1.47580   1        -4.26184   1        -1.97436   1       0 0 0
 6           1.14861   1        -5.96848   1        -0.24082   1       0 0 0
 6          -0.00000   1        -6.41106   1         0.46340   1       0 0 0
 6          -1.14861   1        -5.96848   1        -0.24082   1       0 0 0
 6          -2.82228   1        -4.15998   1        -1.47063   1       0 0 0
 6          -3.25258   1        -4.87105   1        -0.35391   1       0 0 0
 6          -2.37292   1        -5.74855   1         0.37576   1       0 0 0
 6          -2.43758   1        -6.19731   1         1.74831   1       0 0 0
 6          -1.31068   1        -6.62570   1         2.43836   1       0 0 0
 6          -0.00000   1        -6.65393   1         1.82831   1       0 0 0
 6           2.82228   1        -4.15998   1        -1.47063   1       0 0 0
 6           3.25258   1        -4.87105   1        -0.35391   1       0 0 0
 6           2.37292   1        -5.74855   1         0.37576   1       0 0 0
 6           2.43758   1        -6.19731   1         1.74831   1       0 0 0
 6           1.31068   1        -6.62570   1         2.43836   1       0 0 0
 1          -4.24865   1         4.66735   1         0.03117   1       0 0 0
 1          -3.50523   1         3.43202   1        -1.90000   1       0 0 0
 1           3.50523   1         3.43202   1        -1.90000   1       0 0 0
 1           4.24865   1         4.66735   1         0.03117   1       0 0 0
 1           3.37179   1         6.10477   1         2.29676   1       0 0 0
 1           1.41122   1         6.85047   1         3.49740   1       0 0 0
 1          -1.41122   1         6.85047   1         3.49740   1       0 0 0
 1          -3.37179   1         6.10477   1         2.29676   1       0 0 0
 1          -3.37179   1        -6.10477   1         2.29676   1       0 0 0
 1          -1.41122   1        -6.85047   1         3.49740   1       0 0 0
 1           1.41122   1        -6.85047   1         3.49740   1       0 0 0
 1           3.37179   1        -6.10477   1         2.29676   1       0 0 0
 1           4.24865   1        -4.66735   1         0.03117   1       0 0 0
 1           3.50523   1        -3.43202   1        -1.90000   1       0 0 0
 1          -3.50523   1        -3.43202   1        -1.90000   1       0 0 0
 1          -4.24865   1        -4.66735   1         0.03117   1       0 0 0
 1           2.46638   1         2.41419   1        -3.68276   1       0 0 0
 1          -2.46638   1         2.41419   1        -3.68276   1       0 0 0
 1           2.46638   1        -2.41419   1        -3.68276   1       0 0 0
 1          -2.46638   1        -2.41419   1        -3.68276   1       0 0 0
 1          -2.33347   1         2.47031   1        -6.33470   1       0 0 0
 1          -3.77935   1         1.24803   1        -7.93458   1       0 0 0
 1          -3.77935   1        -1.24803   1        -7.93458   1       0 0 0
 1          -2.33347   1        -2.47031   1        -6.33470   1       0 0 0
 1           2.33347   1         2.47031   1        -6.33470   1       0 0 0
 1           3.77935   1         1.24803   1        -7.93458   1       0 0 0
 1           3.77935   1        -1.24803   1        -7.93458   1       0 0 0
 1           2.33347   1        -2.47031   1        -6.33470   1       0 0 0

