iop=-22 jop=-2 igeom=1 ksym=0 kharge=0 imult=1 iscf=7 iplscf=7 nsav15=9

MNDO calculation for cuby
 6          -3.48233   1         0.69834   1         2.91660   1       0 0 0
 6          -3.03370   1         1.42529   1         1.74055   1       0 0 0
 6          -2.30569   1         2.59830   1         2.19123   1       0 0 0
 6          -2.30629   1         2.60040   1         3.64388   1       0 0 0
 6          -1.17422   1         3.02472   1         1.49514   1       0 0 0
 6          -2.60178   1         0.72690   1         0.60943   1       0 0 0
 6          -3.03258   1         1.42475   1         4.09289   1       0 0 0
 6          -3.48233   1        -0.69834   1         2.91660   1       0 0 0
 6          -2.60069   1         0.72652   1         5.22277   1       0 0 0
 6          -1.17612   1         3.03241   1         4.34282   1       0 0 0
 6          -0.00000   1         3.47329   1         2.22115   1       0 0 0
 6          -0.72632   1         2.30098   1         0.31951   1       0 0 0
 6          -0.00000   1         3.47860   1         3.61641   1       0 0 0
 6          -0.72690   1         2.30540   1         5.51788   1       0 0 0
 6          -1.42512   1         1.17542   1         5.94910   1       0 0 0
 6          -2.60069   1        -0.72652   1         5.22277   1       0 0 0
 6          -3.03258   1        -1.42475   1         4.09289   1       0 0 0
 6          -3.03370   1        -1.42529   1         1.74055   1       0 0 0
 6          -2.60178   1        -0.72690   1         0.60943   1       0 0 0
 6          -1.42461   1         1.17389   1        -0.11596   1       0 0 0
 6           1.17422   1         3.02472   1         1.49514   1       0 0 0
 6           0.72632   1         2.30098   1         0.31951   1       0 0 0
 6          -1.42461   1        -1.17389   1        -0.11596   1       0 0 0
 6          -0.69889   1         0.00000   1        -0.56985   1       0 0 0
 6          -2.30629   1        -2.60040   1         3.64388   1       0 0 0
 6          -2.30569   1        -2.59830   1         2.19123   1       0 0 0
 6          -1.42512   1        -1.17542   1         5.94910   1       0 0 0
 6          -0.69827   1         0.00000   1         6.39785   1       0 0 0
 6           0.72690   1         2.30540   1         5.51788   1       0 0 0
 6           1.17612   1         3.03241   1         4.34282   1       0 0 0
 6           2.30629   1         2.60040   1         3.64388   1       0 0 0
 6           2.30569   1         2.59830   1         2.19123   1       0 0 0
 6           1.42461   1         1.17389   1        -0.11596   1       0 0 0
 6           0.69889   1         0.00000   1        -0.56985   1       0 0 0
 6          -1.17422   1        -3.02472   1         1.49514   1       0 0 0
 6          -0.72632   1        -2.30098   1         0.31951   1       0 0 0
 6          -0.72690   1        -2.30540   1         5.51788   1       0 0 0
 6          -1.17612   1        -3.03241   1         4.34282   1       0 0 0
 6           0.69827   1         0.00000   1         6.39785   1       0 0 0
 6           1.42512   1         1.17542   1         5.94910   1       0 0 0
 6           3.03370   1         1.42529   1         1.74055   1       0 0 0
 6           2.60178   1         0.72690   1         0.60943   1       0 0 0
 6           1.42461   1        -1.17389   1        -0.11596   1       0 0 0
 6           0.72632   1        -2.30098   1         0.31951   1       0 0 0
 6          -0.00000   1        -3.47329   1         2.22115   1       0 0 0
 6          -0.00000   1        -3.47860   1         3.61641   1       0 0 0
 6           0.72690   1        -2.30540   1         5.51788   1       0 0 0
 6           1.42512   1        -1.17542   1         5.94910   1       0 0 0
 6           2.60069   1         0.72652   1         5.22277   1       0 0 0
 6           3.03258   1         1.42475   1         4.09289   1       0 0 0
 6           2.60069   1        -0.72652   1         5.22277   1       0 0 0
 6           3.48233   1         0.69834   1         2.91660   1       0 0 0
 6           2.60178   1        -0.72690   1         0.60943   1       0 0 0
 6           1.17422   1        -3.02472   1         1.49514   1       0 0 0
 6           1.17612   1        -3.03241   1         4.34282   1       0 0 0
 6           2.30629   1        -2.60040   1         3.64388   1       0 0 0
 6           3.03258   1        -1.42475   1         4.09289   1       0 0 0
 6           3.48233   1        -0.69834   1         2.91660   1       0 0 0
 6           3.03370   1        -1.42529   1         1.74055   1       0 0 0
 6           2.30569   1        -2.59830   1         2.19123   1       0 0 0

